Ocean Park:
  lat: 33.999145
  lon: -118.488521

Venice Breakwater:
  lat: 33.980798
  lon: -118.470733
